              precision    recall  f1-score   support

           0       1.00      1.00      1.00     27290
           1       1.00      1.00      1.00     83940
           2       1.00      1.00      1.00      7229
           3       1.00      1.00      1.00      9029
           4       1.00      1.00      1.00     18904
           5       1.00      1.00      1.00    871115

    accuracy                           1.00   1017507
   macro avg       1.00      1.00      1.00   1017507
weighted avg       1.00      1.00      1.00   1017507
